I	J	COLAT	ALOCT	MLT	BNDLOC	XMIN	YMIN	FTV	BMIN	V	BIRK_fromV(NH)	P(RCM)	PV_gamma	Vtotx	Vtoty	Vx_exb	Vy_exb	vel_x	vel_y	Ey	PEDLAM	PEDPSI	HALL	RCM_T_p	RCM_T_e	RCM_N_e	EFLUX	EAVG	f_i_50-75	f_i_75-125	f_i_125-200	f_i_200-300	f_e_50-75	f_e_75-125	f_e_125-200	f_e_200-300	Vm	xi	yi
221.532	150.462	27.7036	3.47015	1.25498	174.077	-5.56278	-1.80538	0.037038	94.4801	4570.08	-0.143154	2.88129	0.011893	0.443365	3.03756	3.6955	-4.12458	-1.59522	-0.657358	0.349148	6.76986	6.33331	8.41433	11703.3	1558.38	0.508273	0.407252	3440.37	44055.2	7440.25	1327.29	150.304	632.759	57.2762	5.99988	0.400995	9.00084	-0.44	-0.15
220.779	150.331	27.672	3.46707	1.24325	174.338	-5.59576	-1.79821	0.0378324	92.1587	4574.15	-0.146257	2.85134	0.0121933	0.491562	2.97908	3.72254	-4.14225	-1.65787	-0.681827	0.343064	6.88609	6.44316	8.38173	11663.5	1562.05	0.505915	0.424965	3355.58	43532.5	7263.24	1289.97	148.263	615.804	55.87	5.79035	0.394559	8.87406	-0.44	-0.148492
220.027	150.2	27.6405	3.46399	1.23148	174.6	-5.62943	-1.79104	0.0386592	89.8247	4577.81	-0.149241	2.822	0.0125109	0.529123	2.95149	3.75042	-4.16452	-1.72639	-0.708152	0.336896	7.0009	6.5517	8.34645	11623.9	1564.66	0.50448	0.443489	3273.51	41217.6	7230.79	1285.75	154.332	567.065	55.9118	5.82635	0.411348	8.74671	-0.44	-0.146985
219.275	150.069	27.6089	3.46091	1.2197	174.862	-5.66379	-1.78395	0.0395276	87.4931	4581.24	-0.152191	2.79317	0.0128497	0.555012	2.97785	3.78524	-4.19102	-1.79545	-0.735728	0.331159	7.11232	6.65712	8.30828	11582.9	1565.9	0.504071	0.462792	3195.49	39841.8	7020.92	1229.87	139.83	530.717	54.1467	5.48399	0.368167	8.61868	-0.44	-0.145477
218.547	149.938	27.5784	3.45782	1.20789	175.125	-5.69761	-1.77651	0.0403984	85.2397	4582.66	-0.155142	2.7655	0.0131928	0.563608	3.07258	3.82064	-4.22105	-1.86739	-0.764058	0.325634	7.21664	6.75588	8.26884	11540.6	1566.01	0.504396	0.481866	3122.94	40103.5	6814.01	1161.33	135.921	524.063	52.401	5.12564	0.358213	8.49453	-0.44	-0.14397
217.847	149.806	27.5491	3.45472	1.19605	175.388	-5.73075	-1.76857	0.0412671	83.0755	4581.76	-0.158215	2.7388	0.0135374	0.546836	3.28146	3.85781	-4.25356	-1.94071	-0.791788	0.320477	7.31166	6.84592	8.22703	11495.9	1565.14	0.505382	0.500263	3056.08	40346.8	6650.08	1103.09	134.966	518.779	51.0215	4.84683	0.357687	8.37475	-0.44	-0.142462
217.147	149.674	27.5198	3.45162	1.1842	175.652	-5.7645	-1.7607	0.0421707	80.9096	4580.82	-0.161847	2.7117	0.0138962	0.489778	3.6654	3.90117	-4.29034	-2.01581	-0.819059	0.315635	7.39816	6.92802	8.17897	11445.7	1563.39	0.50711	0.51827	2992.65	38330.5	6403.72	1121.88	122.327	471.411	49.0935	4.97356	0.320353	8.25447	-0.44	-0.140955
216.446	149.542	27.4904	3.4485	1.17232	175.916	-5.79907	-1.75275	0.0431198	78.7291	4579.57	-0.166615	2.68266	0.0142663	0.33445	4.45528	3.94593	-4.3304	-2.09874	-0.8483	0.310629	7.4778	7.00371	8.12759	11385.1	1560.2	0.509969	0.53612	2932.9	37274.3	6241.71	1081.91	122.964	443.21	47.5785	4.7753	0.32369	8.13345	-0.44	-0.139447
215.746	149.41	27.4611	3.44539	1.16041	176.181	-5.83426	-1.74477	0.0441054	76.5243	4578.12	-0.17243	2.65092	0.0146385	0.105149	5.54484	3.99036	-4.37125	-2.18894	-0.87917	0.30534	7.55599	7.07806	8.07754	11314.4	1555.94	0.513667	0.554325	2875.58	36677.7	6079.99	1053.76	121.551	425.239	45.9927	4.62281	0.319285	8.01163	-0.44	-0.13794
215.045	149.277	27.4318	3.44226	1.14848	176.446	-5.87018	-1.73673	0.0451373	74.2835	4576.39	-0.179584	2.61486	0.0150075	-0.190942	6.91507	4.0371	-4.41177	-2.28566	-0.911253	0.299894	7.63345	7.15175	8.03022	11229.8	1550.45	0.518296	0.573043	2821	35167.5	5964.68	1016.58	110.908	395.943	44.5964	4.36179	0.283708	7.88858	-0.44	-0.136432
214.345	149.144	27.4025	3.43914	1.13653	176.712	-5.90712	-1.72874	0.0462361	72.0108	4574.49	-0.188854	2.57261	0.0153668	-0.45603	8.11491	4.08902	-4.45387	-2.39033	-0.946121	0.294407	7.70976	7.22439	7.98627	11127.1	1543.08	0.52417	0.59238	2769.9	33662	5866.4	959.672	113.313	371.936	43.2249	4.01915	0.290959	7.76387	-0.44	-0.134925
213.644	149.011	27.3732	3.436	1.12456	176.979	-5.94479	-1.72074	0.0473832	69.7284	4572.41	-0.199426	2.52804	0.0157298	-0.621964	8.85519	4.13958	-4.49794	-2.50526	-0.983765	0.288596	7.78409	7.29519	7.94315	11018.3	1534.21	0.530784	0.611895	2720.88	32148.9	5772.56	910.707	110.522	351.079	41.902	3.70785	0.281105	7.63795	-0.44	-0.133417
212.992	148.877	27.3459	3.43286	1.11256	177.123	-5.9806	-1.71184	0.0484972	67.6005	4566.52	-0.210066	2.48517	0.0160764	-0.642928	8.95405	4.18313	-4.53986	-2.62482	-1.01982	0.282789	7.84967	7.35772	7.90206	10913.9	1524.47	0.537473	0.629925	2677.13	30462.8	5642.38	872.066	102.925	329.61	40.3918	3.44481	0.254946	7.51965	-0.44	-0.13191
212.344	148.744	27.3188	3.42972	1.10055	177.256	-6.0174	-1.70298	0.0496878	65.468	4560.26	-0.221922	2.44477	0.0164652	-0.318386	7.57244	4.22609	-4.58534	-2.75931	-1.0594	0.276636	7.9069	7.41245	7.86022	10817.8	1512.98	0.544646	0.646973	2637.54	28776.7	5411.74	898.785	96.372	312.25	38.6778	3.55177	0.233405	7.39999	-0.44	-0.130402
211.695	148.61	27.2917	3.42656	1.0885	177.39	-6.05511	-1.69398	0.0509392	63.3177	4553.7	-0.233711	2.41151	0.0169304	0.262883	5.1657	4.27206	-4.63605	-2.90536	-1.10071	0.27046	7.95856	7.46196	7.81817	10741.5	1500.72	0.551838	0.663158	2600.53	27153.4	5210.62	869.859	92.407	297.275	37.2495	3.38055	0.220242	7.27872	-0.44	-0.128894
211.047	148.475	27.2646	3.4234	1.07644	177.525	-6.09356	-1.68504	0.0522433	61.147	4547.19	-0.24558	2.38487	0.0174652	1.0536	1.96095	4.31939	-4.69203	-3.06245	-1.14479	0.264122	8.00591	7.50743	7.77627	10683.5	1487.82	0.559025	0.678689	2565.7	25557.5	4997.63	812.289	91.8547	283.638	35.8428	3.07359	0.217239	7.15611	-0.44	-0.127387
210.399	148.341	27.2376	3.42024	1.06435	177.659	-6.13364	-1.67615	0.0536757	58.8614	4540.87	-0.256214	2.37474	0.0181956	1.98681	-1.66923	4.37525	-4.76551	-3.2507	-1.1972	0.25747	8.04655	7.54664	7.73682	10666.7	1474.31	0.565687	0.692962	2534.97	23729.2	4788.56	757.785	90.882	268.227	34.7179	2.81093	0.213455	7.02952	-0.44	-0.125879
209.751	148.206	27.2105	3.41707	1.05225	177.794	-6.17456	-1.66736	0.0551776	56.5184	4534.86	-0.266014	2.37117	0.0190237	2.92646	-5.23698	4.43773	-4.84898	-3.45412	-1.25425	0.250756	8.08483	7.58363	7.69983	10664	1460.74	0.572001	0.70664	2506.31	21853.7	4592.24	705.562	88.6696	252.535	33.7725	2.57258	0.207025	6.90072	-0.44	-0.124372
209.103	148.071	27.1834	3.41389	1.04011	177.929	-6.21717	-1.65851	0.0568116	54.0988	4529.01	-0.273564	2.37857	0.0200335	3.8256	-8.56103	4.51026	-4.94694	-3.68624	-1.31827	0.243962	8.1193	7.61706	7.66751	10683.2	1447.18	0.577667	0.71926	2481.18	20003.7	4416.54	659.633	81.8605	237.966	33.0816	2.38719	0.190192	6.76751	-0.44	-0.122864
208.48	147.936	27.1574	3.41071	1.02796	178.064	-6.25992	-1.64944	0.0585335	51.7258	4522.24	-0.278529	2.39565	0.0212141	4.58112	-11.264	4.58313	-5.0585	-3.94641	-1.38855	0.236963	8.15046	7.64734	7.64457	10714	1434.28	0.582574	0.730351	2461.09	18594.8	4211.99	620.236	76.7186	226.953	32.1189	2.25685	0.179346	6.63518	-0.44	-0.121357
207.885	147.801	27.1326	3.40752	1.01578	178.199	-6.30203	-1.63975	0.0602803	49.4306	4513.52	-0.281194	2.41646	0.0224725	5.19465	-13.4546	4.65183	-5.17202	-4.22246	-1.45963	0.229908	8.17831	7.67449	7.62494	10746.4	1421.71	0.587031	0.740334	2443.55	17728.4	3974.56	586.428	72.8739	219.427	30.8315	2.17061	0.172786	6.50588	-0.44	-0.119849
207.289	147.665	27.1077	3.40433	1.0036	178.335	-6.34597	-1.63033	0.0621929	47.0829	4505.85	-0.283002	2.4433	0.0239382	5.6282	-14.9354	4.71913	-5.29784	-4.54458	-1.54307	0.222117	8.20456	7.70013	7.60791	10778.4	1408.35	0.591513	0.749798	2427.75	17346.3	3744.11	551.778	68.6849	211.194	29.5654	2.10075	0.166415	6.37218	-0.44	-0.118342
206.694	147.529	27.0829	3.40114	0.99138	178.471	-6.39204	-1.62089	0.064284	44.7039	4498.49	-0.284156	2.47223	0.0256024	5.87933	-15.7252	4.78917	-5.42559	-4.9128	-1.63508	0.214024	8.22663	7.72185	7.58617	10801.4	1393.41	0.596342	0.758727	2411.72	17391.3	3484.78	506.552	63.1089	199.105	27.9996	1.97987	0.157375	6.23409	-0.44	-0.116834
206.099	147.393	27.058	3.39793	0.979145	178.607	-6.43971	-1.61156	0.066514	42.3218	4491.65	-0.285652	2.50266	0.0274223	5.97954	-15.9428	4.84986	-5.55155	-5.32319	-1.73564	0.205254	8.24534	7.74044	7.55999	10816.5	1377.1	0.601564	0.767303	2395.28	17320.3	3222.93	453.159	55.4777	180.658	26.3988	1.81013	0.143436	6.09285	-0.44	-0.115327
205.504	147.257	27.0332	3.39472	0.96689	178.743	-6.49065	-1.60253	0.0690234	39.9211	4485.53	-0.290604	2.53173	0.0295224	5.85879	-15.0918	4.90774	-5.67377	-5.81257	-1.85202	0.195838	8.25563	7.75111	7.51943	10810.1	1357.89	0.608055	0.775282	2376.45	17487.7	2963.68	390.305	50.0233	158.867	24.7495	1.58474	0.135387	5.94603	-0.44	-0.113819
204.908	147.12	27.0084	3.39151	0.954618	178.88	-6.54324	-1.59354	0.0716734	37.4874	4479.48	-0.297151	2.55919	0.0317532	5.67022	-13.7819	4.97557	-5.79641	-6.33962	-1.97411	0.186481	8.26186	7.75797	7.47207	10793.1	1337.61	0.615111	0.782968	2356.5	18174.8	2673.03	327.796	44.5414	139	22.738	1.35257	0.127129	5.79646	-0.44	-0.112312
204.32	146.983	26.9839	3.38829	0.942316	179	-6.59938	-1.58459	0.0746834	34.976	4472.98	-0.309843	2.57874	0.0342823	5.41723	-11.6056	5.08655	-5.9239	-6.96513	-2.11017	0.177745	8.25912	7.7564	7.40975	10747.3	1315.98	0.623618	0.790053	2334.05	21585.6	2396.96	278.929	40.064	131.331	20.5821	1.15508	0.119129	5.64149	-0.44	-0.110804
203.778	146.846	26.9613	3.38506	0.929993	179	-6.65377	-1.57455	0.077724	32.6376	4462.06	-0.323548	2.5903	0.0368053	5.08983	-9.27744	5.20626	-6.04224	-7.61844	-2.24071	0.169738	8.24929	7.74808	7.3433	10694.9	1295.52	0.631639	0.795687	2312.38	23653.8	2357.35	250.434	34.6253	118.846	18.6467	0.997156	0.105487	5.49422	-0.44	-0.109296
203.236	146.709	26.9387	3.38184	0.917668	179	-6.71091	-1.56484	0.081058	30.2454	4451.19	-0.342484	2.59565	0.039547	4.66673	-6.59222	5.3598	-6.1698	-8.35184	-2.38762	0.161964	8.23217	7.73293	7.26596	10632.7	1274.08	0.640272	0.800694	2289.07	24214.1	2541.15	240.465	27.574	99.0251	16.6441	0.8775	0.0848384	5.34173	-0.44	-0.107789
202.694	146.572	26.9161	3.3786	0.905304	179	-6.77266	-1.55501	0.0847381	28.1209	4439.18	-0.366481	2.59219	0.0425336	3.9073	-2.85756	5.44017	-6.27572	-9.20496	-2.54165	0.152928	8.21953	7.72197	7.19497	10553.3	1253.4	0.650065	0.806535	2266.59	25221	2949.82	259.85	24.4345	85.1139	14.7727	0.755445	0.0679091	5.18781	-0.44	-0.106281
202.152	146.434	26.8935	3.37536	0.89293	179	-6.83725	-1.54533	0.0886342	26.0865	4426.82	-0.394399	2.58227	0.0456541	2.93528	1.67181	5.50377	-6.3828	-10.1362	-2.70683	0.143544	8.20963	7.71357	7.12738	10459.6	1233.01	0.660653	0.81296	2244.48	25836.8	3379.28	290.604	23.85	73.0096	12.7203	0.62655	0.053703	5.03316	-0.44	-0.104774
201.61	146.296	26.8709	3.37212	0.880542	179	-6.90752	-1.53588	0.0930461	23.9953	4413.97	-0.427171	2.55397	0.0489482	1.98849	6.53272	5.67735	-6.55091	-11.2383	-2.89945	0.13588	8.19147	7.69742	7.05105	10324.7	1211.61	0.671191	0.818293	2221.74	25335.1	3553.51	326.38	28.6413	71.2771	11.2798	0.559918	0.0478696	4.87469	-0.44	-0.103266
201.068	146.158	26.8483	3.36887	0.868121	179	-6.98132	-1.52618	0.0978029	21.844	4400.17	-0.462548	2.5137	0.0523462	1.17404	11.3555	5.94876	-6.75699	-12.4469	-3.10266	0.129802	8.16566	7.67407	6.9666	10164	1189.33	0.681343	0.822479	2198.33	24526.8	3481.63	374.448	37.2794	77.4176	9.96662	0.558802	0.0484457	4.71271	-0.44	-0.101759
200.526	146.02	26.8258	3.36561	0.855692	179	-7.06372	-1.51696	0.103269	19.9505	4386.7	-0.501898	2.46	0.0560695	0.694766	13.9999	6.20933	-7.03737	-13.8684	-3.34636	0.123542	8.12148	7.63345	6.86286	9981.11	1165.71	0.690415	0.823931	2173.36	22841.6	3387.54	379.158	40.6218	100.311	10.9308	0.637532	0.0523822	4.54841	-0.44	-0.100251
200.03	145.881	26.8051	3.36235	0.843242	179	-7.14133	-1.50616	0.108419	18.3137	4368.74	-0.53692	2.40914	0.0595664	0.32192	15.7991	6.42623	-7.28886	-15.2204	-3.55769	0.117659	8.07808	7.59347	6.76593	9812.32	1144.09	0.698324	0.82468	2150.6	21283.4	3309.36	375.074	41.8116	126.344	12.4477	0.733988	0.0560017	4.39874	-0.44	-0.0987437
199.541	145.742	26.7848	3.35909	0.83077	179	-7.22769	-1.49532	0.114195	16.8364	4351.13	-0.576351	2.3579	0.0635427	0.14232	16.6354	6.7707	-7.65365	-16.8193	-3.80794	0.113473	8.01394	7.53397	6.64779	9666.37	1121.89	0.704887	0.822351	2125.85	20746.6	3112.36	362.978	40.9083	147.851	13.8376	0.806062	0.0594688	4.25448	-0.44	-0.0972362
199.053	145.603	26.7644	3.35582	0.818286	179	-7.31546	-1.48427	0.120091	15.3619	4333.22	-0.616857	2.30582	0.0675992	-0.0103035	17.4634	7.1495	-8.03173	-18.4604	-4.05861	0.109684	7.94476	7.46973	6.52395	9521.7	1099.32	0.711146	0.819306	2100.42	20082.9	2875.06	347.959	39.8228	165.376	14.8971	0.866037	0.0623794	4.10985	-0.44	-0.0957286
198.564	145.464	26.7441	3.35255	0.805783	179	-7.41526	-1.47353	0.126895	14.0623	4317.65	-0.669124	2.25058	0.0722955	-0.126821	18.1242	7.58826	-8.51964	-20.4151	-4.36665	0.1062	7.83396	7.36632	6.35477	9389.65	1075.44	0.714464	0.810334	2069.68	19125.6	2638.79	318.385	37.1814	159.122	14.7439	0.810102	0.0593366	3.96609	-0.44	-0.0942211
198.076	145.325	26.7237	3.34927	0.793257	179	-7.51805	-1.46236	0.133895	12.8175	4301.74	-0.724882	2.19579	0.0771674	-0.220539	18.7297	8.02386	-9.02235	-22.4485	-4.67664	0.102662	7.71502	7.25525	6.17646	9261.98	1051.29	0.717373	0.800329	2037.63	18236.4	2423.24	279.169	34.31	149.596	14.4285	0.713108	0.0553824	3.82309	-0.44	-0.0927136
197.588	145.186	26.7034	3.34599	0.780722	179	-7.63393	-1.45177	0.141856	11.6912	4289.34	-0.804573	2.13866	0.082711	-0.303778	19.8152	8.60962	-9.62848	-24.8012	-5.05211	0.10005	7.56491	7.11482	5.9675	9142.05	1027.45	0.717883	0.786081	2001.56	17846.1	2108.82	251.262	29.9033	136.825	12.7769	0.63998	0.0477802	3.68239	-0.44	-0.091206
197.099	145.046	26.6831	3.3427	0.76816	179	-7.75442	-1.44069	0.150168	10.5975	4276.85	-0.892106	2.08045	0.0885054	-0.357877	21.1648	9.26893	-10.2652	-27.2801	-5.43411	0.0979656	7.40389	6.96413	5.74734	9023.88	1003.42	0.717769	0.770472	1963.78	17602.4	1752.24	225.208	25.3203	123.292	10.6338	0.570995	0.0397662	3.54197	-0.44	-0.0896985
196.647	144.906	26.6643	3.3394	0.755587	179	-7.8802	-1.42881	0.15894	9.71336	4263.44	-1.00631	2.0231	0.0945406	-0.425487	23.2826	9.93732	-10.8703	-29.9218	-5.82135	0.0959426	7.25085	6.82083	5.54521	8927.02	983.141	0.717019	0.755658	1928.62	17089.7	1551.12	194.515	21.8645	107.792	8.96432	0.489058	0.0340554	3.41412	-0.44	-0.088191
196.213	144.766	26.6462	3.33611	0.743006	179	-8.00546	-1.41631	0.167706	8.90104	4248.61	-1.12458	1.96684	0.10055	-0.44592	25.602	10.6132	-11.4517	-32.5695	-6.19542	0.0940931	7.10193	6.68137	5.35082	8837.69	964.175	0.716057	0.741222	1894.68	16503.3	1402.02	163.352	18.7691	92.0074	7.48196	0.405906	0.0290636	3.29183	-0.44	-0.0866834
195.778	144.626	26.6281	3.33281	0.730389	179	-8.14427	-1.40316	0.17756	8.15392	4234.01	-1.27638	1.90605	0.107097	-0.281185	28.6089	11.5526	-12.0468	-35.4977	-6.58152	0.0934801	6.9706	6.55843	5.17958	8757.57	948.266	0.715834	0.72938	1863.41	15818.6	1389.27	136.81	16.0084	77.508	6.30082	0.336826	0.0246969	3.17098	-0.44	-0.0851759
195.343	144.485	26.61	3.3295	0.71777	179	-8.29271	-1.39049	0.188186	7.45864	4221.19	-1.45814	1.84201	0.113995	-0.125338	32.0281	12.6071	-12.6513	-38.6112	-6.99922	0.093217	6.85745	6.45257	5.03128	8682.84	935.171	0.716204	0.719981	1835.23	14979.5	1475.58	113.371	13.4707	63.2966	5.43918	0.276339	0.0207247	3.05141	-0.44	-0.0836683
194.909	144.345	26.5919	3.3262	0.705134	179	-8.44766	-1.37742	0.199325	6.80183	4208.07	-1.65482	1.77721	0.121149	0.119148	35.5059	13.7199	-13.2446	-41.8423	-7.41578	0.0929918	6.77218	6.37294	4.91444	8607.97	924.975	0.717688	0.714189	1811.61	14242	1511.99	93.2031	11.0447	50.4212	4.40771	0.223935	0.0169263	2.93312	-0.44	-0.0821608
194.474	144.204	26.5739	3.32288	0.692478	179	-8.62255	-1.36432	0.212091	6.24465	4195.87	-1.9046	1.70994	0.129072	0.594986	39.0725	15.0441	-13.8118	-45.3903	-7.85211	0.0930918	6.78633	6.38685	4.90908	8528.36	924.731	0.722759	0.720937	1804.84	13624.3	1539.84	77.0705	8.74398	40.8579	3.46948	0.178169	0.0132064	2.81857	-0.44	-0.0806533
194.04	144.063	26.5558	3.31957	0.679807	179	-8.79954	-1.35055	0.225015	5.69808	4182.83	-2.15287	1.64262	0.137092	1.08202	42.6401	16.4019	-14.3744	-48.9813	-8.27577	0.0932708	6.81167	6.41129	4.91568	8448.36	925.477	0.728407	0.729179	1799.76	12945.9	1608.63	60.133	6.47711	31.4249	2.65475	0.129528	0.00953349	2.70438	-0.44	-0.0791457
193.635	143.922	26.5389	3.31624	0.667122	178.53	-8.98785	-1.33588	0.23915	5.26786	4165.7	-2.41438	1.5799	0.145644	2.12412	45.8878	18.0455	-14.9045	-52.5628	-8.67114	0.0942211	7.04954	6.63578	5.16891	8357.04	943.566	0.739842	0.763409	1832.59	12344.8	1566.95	58.0492	5.29766	25.3741	2.06572	0.105298	0.00803562	2.60178	-0.44	-0.0776382
193.254	143.781	26.5231	3.31292	0.654431	177.683	-9.1687	-1.31998	0.252793	4.87329	4144.7	-2.6537	1.52041	0.15385	3.25045	48.9741	19.6675	-15.3904	-55.9768	-9.02095	0.0952688	7.30076	6.87281	5.43921	8267.71	962.834	0.751278	0.798949	1868.41	11830.6	1504.09	57.8381	4.28791	20.1618	1.52403	0.0849907	0.00684181	2.50552	-0.44	-0.0761307
192.874	143.639	26.5073	3.30959	0.641708	176.834	-9.36209	-1.30249	0.267586	4.5258	4121.5	-2.87612	1.46235	0.162729	4.42989	51.8341	21.4759	-15.9315	-59.4037	-9.38765	0.0967096	7.65561	7.20744	5.84206	8169.95	989.328	0.765852	0.848897	1921.23	11472.9	1441.09	62.3893	3.69433	16.3746	1.18029	0.0772783	0.00628548	2.41176	-0.44	-0.0746231
192.493	143.497	26.4915	3.30626	0.628982	175.985	-9.57145	-1.2852	0.283884	4.23292	4098.53	-3.09854	1.40646	0.172469	5.82281	54.4053	23.4741	-16.5872	-62.7644	-9.82605	0.0985074	8.132	7.65659	6.41155	8061.41	1023.93	0.783443	0.916418	1994.18	10872.6	1372.67	71.3803	3.73517	13.5849	1.09204	0.0869172	0.0065683	2.32171	-0.44	-0.0731156
192.113	143.356	26.4756	3.30292	0.616238	175.134	-9.7836	-1.26682	0.300379	3.955	4074.22	-3.3067	1.35143	0.182376	7.08777	56.8076	25.426	-17.2558	-66.1084	-10.2797	0.100166	8.62848	8.12466	7.00836	7952.12	1059.86	0.801961	0.987169	2069.99	10240.2	1304.69	80.1125	3.98546	10.8231	1.04869	0.0989158	0.00704023	2.23253	-0.44	-0.071608
191.732	143.214	26.4598	3.29959	0.603491	174.283	-10.0131	-1.24838	0.318821	3.71106	4050.75	-3.47168	1.29758	0.193199	9.11392	58.5921	28.2375	-18.372	-69.0431	-11.017	0.103966	9.14114	8.6081	7.66707	7830.11	1095.79	0.819834	1.06342	2148.8	9453.68	1235.99	82.1016	4.7052	9.54907	1.14938	0.107112	0.00748291	2.1471	-0.44	-0.0701005
191.351	143.072	26.444	3.29624	0.590713	173.43	-10.2549	-1.2281	0.338698	3.47334	4025.63	-3.59007	1.24384	0.204689	12.1893	60.1088	32.3242	-19.86	-71.5637	-12.0085	0.111034	9.65925	9.09675	8.35612	7697.81	1131.33	0.837729	1.14288	2228.02	8256.65	1166.39	80.6864	5.36937	8.68515	1.31573	0.1111	0.00759041	2.06357	-0.44	-0.068593
190.998	142.929	26.4293	3.29289	0.57793	172.859	-10.4783	-1.20658	0.35709	3.25788	3995.93	-3.68159	1.19459	0.215345	14.7312	61.3339	36.1738	-21.2207	-73.7115	-12.9194	0.117823	10.1346	9.54506	8.98966	7576.12	1163.91	0.854135	1.21591	2300.71	7178.81	1099.23	79.747	5.94576	7.99648	1.46241	0.114959	0.0076385	1.98689	-0.44	-0.0670854
190.671	142.787	26.4157	3.28954	0.565128	172.574	-10.7037	-1.18286	0.376617	3.12952	3964	-3.63943	1.15182	0.226134	16.6637	58.6985	40.473	-23.6478	-74.3737	-14.7084	0.125614	10.4177	9.81244	9.40273	7457.58	1183.44	0.860679	1.26138	2346.14	6781.33	993.786	76.2752	5.68811	9.22728	1.43745	0.106952	0.00687919	1.9228	-0.44	-0.0655779
190.345	142.645	26.4021	3.28619	0.55233	172.289	-10.9289	-1.15936	0.396133	3.00048	3932.44	-3.59969	1.10885	0.236891	18.6115	56.1637	44.6986	-26.0528	-75.1011	-16.4697	0.133222	10.7008	10.0798	9.81488	7338.72	1202.94	0.86735	1.30687	2391.44	6417.53	884.987	73.1523	5.41399	10.5104	1.40782	0.0994409	0.00609522	1.85853	-0.44	-0.0640704
190.018	142.502	26.3886	3.28283	0.539503	172.004	-11.1556	-1.13406	0.415742	2.87686	3897.98	-3.54087	1.06752	0.247899	20.4385	52.8341	49.5066	-28.6321	-75.3133	-18.4505	0.142288	10.9842	10.3474	10.2343	7222.36	1222.67	0.873018	1.35225	2437.82	5787.18	802.714	67.269	5.27023	11.3795	1.41511	0.0880072	0.00550633	1.79573	-0.44	-0.0625628
189.692	142.359	26.375	3.27948	0.526675	171.719	-11.3978	-1.10858	0.437981	2.78208	3870.54	-3.37271	1.02676	0.259215	23.0017	46.5984	55.4942	-32.3674	-74.5421	-21.2834	0.153551	11.0358	10.3967	10.3873	7112.68	1228.81	0.858293	1.35063	2467.34	5230.36	749.366	61.7838	4.95925	14.3203	1.52864	0.0783875	0.00493657	1.73799	-0.44	-0.0610553
189.365	142.216	26.3614	3.27611	0.51382	171.432	-11.6416	-1.08168	0.460558	2.69783	3840.64	-3.18979	0.98644	0.270662	25.6666	39.8241	61.9661	-36.1681	-73.0812	-24.2995	0.166123	11.0256	10.3878	10.4613	7008.84	1230.74	0.839369	1.33708	2490.81	4890.55	674.574	57.7472	4.60502	18.688	1.60142	0.0713087	0.0043457	1.68144	-0.44	-0.0595477
189.039	142.073	26.3479	3.27274	0.500963	171.146	-11.8854	-1.05474	0.483143	2.61393	3810.63	-3.00654	0.946138	0.282113	28.3339	33.0348	68.4552	-39.9687	-71.5943	-27.3211	0.178743	11.0134	10.377	10.5328	6905.22	1232.52	0.820322	1.32315	2514.07	4559.52	598.826	53.7695	4.24942	23.1095	1.67225	0.0643303	0.0037539	1.62493	-0.44	-0.0580402
188.739	141.93	26.3354	3.26938	0.488093	170.93	-12.1158	-1.02755	0.505419	2.56953	3782.77	-2.77549	0.912501	0.292501	36.0423	28.1091	75.857	-42.9844	-68.5777	-29.8638	0.194378	10.6993	10.0817	10.1555	6844.38	1212.62	0.792547	1.26112	2489.47	4227.75	546.981	49.5566	3.86765	26.9073	1.65094	0.0583801	0.00328421	1.57925	-0.44	-0.0565327
188.467	141.787	26.3241	3.266	0.475216	170.787	-12.3236	-0.99958	0.525671	2.53353	3748.46	-2.55516	0.883387	0.302034	46.1329	24.5471	83.6882	-45.3526	-65.063	-31.9388	0.211354	10.3655	9.76769	9.74087	6799.26	1191.15	0.765821	1.19704	2459.44	3896.15	506.745	45.7182	3.51114	29.8413	1.62553	0.0530802	0.00286562	1.53922	-0.44	-0.0550251
188.195	141.643	26.3128	3.26263	0.462328	170.643	-12.5314	-0.971285	0.546007	2.49625	3712.05	-2.34171	0.854198	0.311645	57.4215	22.0609	92.2206	-47.5393	-61.0693	-33.9319	0.22977	10.0238	9.4463	9.31507	6756.33	1169.18	0.738805	1.13189	2428.07	3583.25	466.613	41.8078	3.14594	32.4728	1.59488	0.0477362	0.0024462	1.49928	-0.44	-0.0535176
187.922	141.5	26.3015	3.25925	0.449423	170.5	-12.7392	-0.943833	0.566634	2.47152	3675.88	-2.13521	0.823561	0.319939	73.1999	25.1995	101.66	-48.8914	-55.8162	-35.5373	0.251273	9.60303	9.05026	8.81226	6739.62	1145.43	0.701854	1.05441	2391.78	3332.34	430.407	38.1677	2.84843	32.9366	1.53625	0.043559	0.0021397	1.4613	-0.44	-0.0520101
187.65	141.356	26.2901	3.25587	0.436518	170.356	-12.9466	-0.919784	0.587655	2.48328	3648.66	-1.91902	0.789584	0.324624	95.5186	38.2053	110.611	-48.8661	-49.2912	-36.4931	0.274851	9.0145	8.49604	8.16032	6779.96	1119.17	0.641129	0.950196	2348.47	3163.22	403.63	35.4888	2.75493	29.1565	1.42804	0.0424812	0.00211967	1.42798	-0.44	-0.0505025
187.378	141.212	26.2788	3.25249	0.423587	170.212	-13.1519	-0.895637	0.608584	2.49976	3614.29	-1.72052	0.749969	0.326573	122.226	58.8459	120.762	-48.3001	-41.1965	-37.2676	0.302212	8.35338	7.87336	7.4632	6866.24	1095.4	0.566149	0.831498	2310.67	3012.13	378.016	32.0932	2.65387	25.6158	1.3172	0.0402547	0.00210227	1.39527	-0.44	-0.048995
187.106	141.069	26.2675	3.2491	0.410654	170.069	-13.3571	-0.871488	0.629512	2.51633	3579.81	-1.52232	0.710261	0.328477	149.007	79.6127	130.933	-47.7252	-33.0758	-38.0391	0.329636	7.69105	7.24956	6.76533	6953.28	1071.68	0.490933	0.712562	2272.96	2861.33	352.42	28.6857	2.55269	22.0791	1.20631	0.0380093	0.00208491	1.36256	-0.44	-0.0474874
186.862	140.925	26.2574	3.24571	0.397712	169.849	-13.5362	-0.851862	0.647788	2.56427	3540.39	-1.38133	0.66019	0.318871	192.885	128.809	138.796	-46.413	-24.2273	-37.9043	0.356631	6.92773	6.53036	6.01915	7204.04	1049.27	0.416522	0.598412	2232.39	2774.71	335.25	26.6748	2.35727	19.1549	1.11232	0.0382312	0.00225815	1.33665	-0.44	-0.0459799
186.644	140.78	26.2483	3.24232	0.384761	169.561	-13.6941	-0.834395	0.663918	2.63058	3494.22	-1.28374	0.603948	0.301761	247.299	196.976	144.906	-44.5887	-15.0288	-37.0806	0.38247	6.12631	5.77508	5.2678	7551.26	1028.61	0.345104	0.491047	2191.8	2734.9	323.137	25.6179	2.10081	16.7947	1.03019	0.0400147	0.00253493	1.31568	-0.44	-0.0444724
186.426	140.636	26.2393	3.23893	0.37181	169.273	-13.8519	-0.816929	0.680048	2.69689	3448.05	-1.18615	0.547705	0.28465	301.712	265.144	151.015	-42.7643	-5.83023	-36.257	0.408309	5.32488	5.01981	4.51645	7898.48	1007.95	0.273685	0.383682	2151.22	2695.09	311.024	24.5609	1.84434	14.4344	0.948056	0.0417982	0.00281171	1.29472	-0.44	-0.0429648
186.209	140.492	26.2302	3.23554	0.358839	168.984	-14.0024	-0.798312	0.69508	2.77884	3392.93	-1.09418	0.485274	0.262309	366.357	354.801	156.447	-41.2126	4.13121	-35.3216	0.435729	4.55946	4.29847	3.80655	8276.57	989.996	0.207346	0.284478	2115.94	2633.71	292.372	23.2836	1.68217	12.1127	0.85407	0.0434437	0.00317794	1.27548	-0.44	-0.0414573
185.991	140.348	26.2212	3.23214	0.345863	168.695	-14.1501	-0.779576	0.709569	2.86839	3336.32	-1.00446	0.421565	0.238455	434.919	450.502	161.593	-39.8143	14.2888	-34.3489	0.463793	3.82111	3.60263	3.12539	8655.14	973.564	0.143983	0.189983	2083.74	2561.67	272.229	21.964	1.54616	9.87743	0.759833	0.0449365	0.00355322	1.25703	-0.44	-0.0399497
185.773	140.203	26.2121	3.22874	0.332886	168.407	-14.2703	-0.763206	0.716746	3.05833	3288.02	-0.937613	0.357944	0.204956	543.255	581.07	163.487	-40.5985	25.2673	-33.0706	0.499273	3.52238	3.3211	2.89495	8870.5	978.544	0.123557	0.162754	2095.82	2338.91	249.181	20.7147	1.55032	9.39476	0.718459	0.0437358	0.00370817	1.2488	-0.44	-0.0384422
185.555	140.059	26.2031	3.22534	0.319887	168.117	-14.3756	-0.741108	0.719575	3.30174	3226.63	-0.859193	0.286502	0.164573	657.01	727.579	164.222	-41.8679	36.757	-31.8309	0.541157	3.27443	3.08744	2.7082	8687.8	986.283	0.106807	0.140476	2113.28	1918.99	219.729	19.1449	1.55626	8.91396	0.711305	0.0435871	0.00386483	1.24546	-0.44	-0.0369347
185.37	139.914	26.1954	3.22194	0.306888	168	-14.4577	-0.712841	0.721319	3.50142	3155.22	-0.802275	0.227417	0.131132	739.004	842.39	164.457	-42.5452	46.1126	-30.3134	0.574585	3.07214	2.89682	2.55723	8522.24	993.325	0.0930816	0.122303	2128.93	1580.08	197.915	17.8881	1.57388	8.60238	0.711317	0.0434546	0.00398482	1.24342	-0.44	-0.0354271
185.206	139.77	26.1886	3.21853	0.293887	168	-14.5235	-0.679863	0.722149	3.67322	3075.94	-0.759717	0.177294	0.102715	795.759	931.95	164.352	-42.8066	54.0179	-28.6103	0.602636	2.90263	2.73709	2.43214	8353.48	1000.03	0.0815172	0.107059	2143.63	1295.29	180.477	16.8457	1.60304	8.41955	0.715059	0.0434484	0.00408915	1.24248	-0.44	-0.0339196
185.043	139.625	26.1818	3.21512	0.280868	168	-14.5824	-0.641116	0.720972	3.86877	2984.73	-0.713083	0.133102	0.0774919	811.422	979.762	164.259	-42.9426	62.038	-26.9584	0.635438	2.75104	2.59425	2.32344	8010.11	1008.35	0.0710347	0.0932325	2161.78	995.233	153.116	15.8058	1.67392	8.38853	0.705095	0.0447898	0.00430354	1.24384	-0.44	-0.0324121
184.879	139.48	26.175	3.21172	0.267848	168	-14.623	-0.59653	0.712241	4.08531	2896.1	-0.672704	0.113858	0.06532	739.754	881.527	165.763	-43.4409	70.0726	-25.2494	0.678543	2.73603	2.58019	2.33797	7764.02	1022.67	0.0678758	0.0902403	2191.61	880.046	143.054	16.2906	1.87437	8.99317	0.740555	0.0485596	0.00458368	1.25445	-0.44	-0.0309045
184.716	139.335	26.1682	3.20831	0.254829	168	-14.6572	-0.549885	0.700846	4.30925	2808.38	-0.63453	0.103409	0.0577487	637.3	731.806	167.831	-44.067	78.1123	-23.5203	0.72528	2.76917	2.61154	2.39593	7552.22	1039.1	0.0672985	0.0910674	2225.54	830.031	139.09	17.3127	2.12051	9.8219	0.792028	0.0531856	0.004887	1.26833	-0.44	-0.029397
184.552	139.19	26.1614	3.20489	0.241792	168	-14.6859	-0.500041	0.687208	4.55826	2707.83	-0.578337	0.0991158	0.053533	523.735	544.67	170.939	-43.6936	86.2217	-21.8608	0.782732	2.81531	2.65514	2.46989	7536.67	1057.75	0.0670738	0.0926327	2263.31	828.288	144.848	19.2535	2.40274	10.688	0.882328	0.0598979	0.00522919	1.28554	-0.44	-0.0278894
184.389	139.045	26.1546	3.20148	0.228752	168	-14.7136	-0.449562	0.673127	4.81222	2604.74	-0.518576	0.0960416	0.0499816	407.971	350.127	174.253	-43.1223	94.345	-20.2151	0.842305	2.86401	2.70117	2.54701	7559.99	1076.85	0.0669189	0.0943442	2301.83	836.103	152.532	21.3762	2.69211	11.5616	0.980314	0.0670234	0.00557908	1.30341	-0.44	-0.0263819
184.263	138.9	26.1494	3.19807	0.215712	167.9	-14.7353	-0.398569	0.662504	5.0084	2494.88	-0.486391	0.0948697	0.0479773	321.791	195.546	176.909	-41.6604	100.161	-18.5188	0.889034	2.9008	2.73593	2.60538	7618.96	1091.17	0.0668093	0.0956548	2330.79	854.172	160.345	23.0013	2.96114	12.2248	1.06125	0.0724989	0.00597333	1.31702	-0.44	-0.0248744
184.154	138.755	26.1449	3.19465	0.202666	167.755	-14.7541	-0.346918	0.653081	5.19066	2377.49	-0.463414	0.0949711	0.0468444	257.476	68.3883	179.348	-39.3994	104.932	-16.8332	0.933099	2.9334	2.76674	2.65703	7704.79	1103.61	0.0667551	0.0968582	2355.78	882.325	168.791	24.5994	3.28067	12.8978	1.13908	0.0778619	0.00651984	1.32933	-0.44	-0.0233668
184.045	138.609	26.1404	3.19123	0.189609	167.609	-14.7723	-0.294501	0.643032	5.39435	2252.08	-0.434823	0.0958267	0.0460317	208.585	-41.716	181.927	-36.4225	109.679	-15.2071	0.982686	2.96806	2.79949	2.71166	7810.12	1116.5	0.0667637	0.0981914	2381.34	920.308	178.264	26.5481	3.70688	13.7568	1.22499	0.0843458	0.00730326	1.34274	-0.44	-0.0218593
183.936	138.464	26.1358	3.18781	0.176552	167.464	-14.7863	-0.242453	0.633318	5.5841	2126.56	-0.395152	0.0976569	0.0456686	182.54	-100.167	185.428	-32.9884	114.309	-13.5466	1.03805	3.01264	2.84161	2.77502	7911.23	1128.76	0.0673076	0.100356	2404.75	962.4	189.568	29.6823	4.2404	14.722	1.32058	0.0939409	0.00834388	1.35659	-0.44	-0.0203518
183.827	138.319	26.1313	3.1844	0.163495	167.319	-14.7973	-0.190663	0.623838	5.76404	2000.97	-0.347677	0.100174	0.0456221	172.586	-122.235	189.578	-29.2323	118.857	-11.862	1.09749	3.06422	2.89033	2.84454	8009.37	1140.56	0.0682285	0.103105	2426.64	1007.39	202.16	33.6515	4.8495	15.7621	1.42298	0.105727	0.00956566	1.37074	-0.44	-0.0188442
183.718	138.174	26.1268	3.18098	0.15043	167.174	-14.8082	-0.139457	0.614479	5.94021	1869.61	-0.297981	0.102778	0.0455953	167.836	-138.76	193.962	-25.2228	123.41	-10.2242	1.15873	3.11602	2.93926	2.91477	8109.5	1152.42	0.0691575	0.105894	2448.5	1054	215.77	38.253	5.39671	16.8659	1.53637	0.119185	0.0106931	1.38497	-0.44	-0.0173367
183.609	138.028	26.1223	3.17755	0.137357	167.028	-14.8191	-0.0890377	0.605281	6.1113	1730.46	-0.245283	0.105501	0.0455952	170.118	-147.79	198.662	-20.8708	127.973	-8.64983	1.22239	3.16814	2.9885	2.98596	8212.32	1164.33	0.0700972	0.108734	2470.31	1102.81	230.756	43.7093	5.86024	18.0561	1.66462	0.134902	0.0116929	1.39931	-0.44	-0.0158291
183.544	137.883	26.1196	3.17413	0.124283	167	-14.827	-0.0401357	0.600385	6.20667	1591.66	-0.231947	0.106979	0.0456008	175.079	-149.45	201	-16.8141	130.354	-7.08562	1.25625	3.1971	3.01586	3.02516	8268.02	1170.83	0.0706343	0.110331	2482.07	1126.65	238.376	46.6393	6.09971	18.622	1.74441	0.144215	0.0122007	1.40699	-0.44	-0.0143216
183.49	137.737	26.1173	3.17071	0.111209	167	-14.8342	0.00840321	0.596518	6.2839	1452.93	-0.228034	0.10816	0.0456078	180.682	-149.346	202.773	-12.8281	132.212	-5.52383	1.28298	3.22052	3.03799	3.05671	8312.44	1176.02	0.071075	0.11163	2491.42	1144.5	244.233	48.9646	6.28555	19.0384	1.8126	0.151994	0.0125907	1.41309	-0.44	-0.0128141
183.435	137.592	26.115	3.16728	0.0981353	167	-14.8415	0.0569421	0.592652	6.36114	1314.21	-0.22412	0.10934	0.0456148	186.284	-149.241	204.546	-8.84217	134.071	-3.96204	1.30971	3.24394	3.06011	3.08826	8356.86	1181.22	0.0715157	0.112929	2500.77	1162.35	250.089	51.2898	6.47139	19.4549	1.88079	0.159774	0.0129808	1.41918	-0.44	-0.0113065
183.381	137.446	26.1128	3.16386	0.08505	167	-14.849	0.104497	0.588736	6.4432	1166.85	-0.219444	0.110589	0.0456304	193.213	-147.073	206.253	-4.57924	135.956	-2.46467	1.33735	3.26773	3.08259	3.12086	8403.26	1186.65	0.0719468	0.114248	2510.56	1180.71	256.515	53.7903	6.65547	19.884	1.97881	0.16992	0.0133813	1.42546	-0.44	-0.009799
183.326	137.301	26.1105	3.16043	0.0719647	167	-14.8566	0.152044	0.58482	6.52529	1019.42	-0.214761	0.111839	0.045646	200.153	-144.886	207.959	-0.313994	137.841	-0.967833	1.36499	3.29152	3.10507	3.15348	8449.67	1192.07	0.0723779	0.115567	2520.35	1199.08	262.945	56.2923	6.83955	20.3133	2.07708	0.180086	0.0137818	1.43173	-0.44	-0.00829146
183.272	137.155	26.1082	3.15701	0.0588837	167	-14.864	0.199962	0.580923	6.60557	875.253	-0.210367	0.113062	0.0456585	206.593	-143.48	209.691	3.84668	139.716	0.553323	1.39229	3.31518	3.12741	3.18569	8495.34	1197.42	0.0728126	0.116879	2529.98	1217.25	269.161	58.7281	7.02428	20.7377	2.16408	0.189359	0.0141785	1.43794	-0.44	-0.00678392
183.217	137.01	26.106	3.15358	0.0458027	167	-14.8714	0.24788	0.577026	6.68584	731.083	-0.205972	0.114286	0.0456709	213.032	-142.073	211.422	8.00734	141.591	2.07448	1.41959	3.33883	3.14976	3.2179	8541.01	1202.76	0.0732473	0.11819	2539.61	1235.42	275.376	61.1639	7.20901	21.1621	2.25109	0.198631	0.0145751	1.44415	-0.44	-0.00527638
183.214	136.864	26.1058	3.15016	3.29604	167	-14.8731	0.295163	0.577994	6.67608	595.679	-0.234179	0.11397	0.0456597	216.887	-137.63	210.869	11.3841	141.256	3.58379	1.41409	3.33484	3.146	3.21157	8527.71	1201.58	0.0731903	0.117975	2537.42	1236.16	272.903	59.9828	7.16593	21.1602	2.23959	0.195833	0.0145355	1.44265	-0.44	-0.00376884
183.214	136.718	26.1058	3.14673	6.77679	167	-14.8745	0.342137	0.579231	6.66095	457.666	-0.265258	0.11352	0.0456373	220.895	-133.052	210.068	14.8208	140.789	5.06934	1.40562	3.32841	3.13993	3.20203	8509.62	1199.96	0.0730784	0.117611	2534.48	1234.28	269.777	58.2085	7.11273	21.1137	2.22585	0.191399	0.014452	1.44063	-0.44	-0.00226131
183.214	136.573	26.1058	3.14331	10.2589	167	-14.8762	0.388808	0.580386	6.64692	315.956	-0.297002	0.11304	0.045604	225.285	-128.567	209.167	18.3892	140.349	6.52863	1.39639	3.32141	3.13333	3.19194	8490.81	1198.37	0.0729432	0.117198	2531.64	1230.8	266.599	56.0458	7.06628	21.0504	2.21745	0.186061	0.0143532	1.43866	-0.44	-0.000753769
183.214	136.427	26.1058	3.13988	13.741	167	-14.8779	0.435478	0.581542	6.63289	174.247	-0.328747	0.112559	0.0455706	229.676	-124.081	208.266	21.9576	139.909	7.98792	1.38715	3.31441	3.12673	3.18184	8472	1196.78	0.072808	0.116786	2528.8	1227.32	263.422	53.8831	7.01982	20.9872	2.20906	0.180724	0.0142544	1.43668	-0.44	0.000753769
183.214	136.282	26.1058	3.13645	17.2231	167	-14.8796	0.482148	0.582697	6.61885	32.5375	-0.360492	0.112079	0.0455373	234.066	-119.596	207.365	25.5259	139.469	9.4472	1.37792	3.30742	3.12013	3.17174	8453.19	1195.19	0.0726727	0.116374	2525.97	1223.84	260.245	51.7204	6.97337	20.9239	2.20067	0.175387	0.0141556	1.43471	-0.44	0.00226131
183.214	136.136	26.1058	3.13303	20.7039	167	-14.881	0.529122	0.583935	6.60372	-105.476	-0.391571	0.111628	0.0455149	238.074	-115.019	206.564	28.9626	139.002	10.9328	1.36944	3.30099	3.11406	3.1622	8435.11	1193.58	0.0725608	0.11601	2523.03	1221.96	257.118	49.9461	6.92017	20.8774	2.18692	0.170952	0.0140721	1.43269	-0.44	0.00376884
183.217	135.99	26.106	3.1296	23.9542	167	-14.8818	0.576341	0.585595	6.58111	-239.095	-0.423196	0.111112	0.0455049	241.474	-110.147	205.714	32.1943	138.325	12.4396	1.35952	3.2933	3.10681	3.15068	8413.99	1191.49	0.0724417	0.115595	2519.19	1219.39	253.57	48.4266	6.83526	20.7944	2.16202	0.166893	0.0139528	1.43011	-0.44	0.00527638
183.272	135.845	26.1082	3.12618	23.9411	167	-14.8757	0.623282	0.592255	6.46566	-356.08	-0.470866	0.109271	0.0455357	240.986	-102.227	202.933	34.1439	134.986	13.9235	1.31951	3.26063	3.07595	3.10387	8340.46	1183	0.0719298	0.113873	2503.74	1187.33	243.397	45.7093	6.38279	19.9844	2.04475	0.156961	0.0131334	1.41994	-0.44	0.00678392
183.326	135.699	26.1105	3.12275	23.928	167	-14.8697	0.670223	0.598914	6.35021	-473.065	-0.518536	0.107429	0.0455664	240.497	-94.3059	200.152	36.0935	131.648	15.4074	1.27949	3.22796	3.0451	3.05706	8266.94	1174.52	0.071418	0.112151	2488.29	1155.26	233.224	42.992	5.93032	19.1743	1.92748	0.147028	0.0123139	1.40977	-0.44	0.00829146
183.381	135.554	26.1128	3.11933	23.9149	167	-14.8642	0.717174	0.605442	6.23604	-593.036	-0.567656	0.105531	0.0455795	240.392	-87.2609	197.19	38.1973	128.34	16.8697	1.23799	3.19356	3.01262	3.00816	8194.19	1165.95	0.0708479	0.110299	2472.71	1122.4	222.367	40.0496	5.44653	18.3282	1.8004	0.136061	0.0114377	1.39961	-0.44	0.009799
183.435	135.408	26.115	3.1159	23.9019	167	-14.8588	0.764125	0.611974	6.12184	-712.94	-0.616744	0.103635	0.045593	240.28	-80.1964	194.232	40.2977	125.031	18.3324	1.19652	3.15921	2.98018	2.95932	8121.42	1157.38	0.0702792	0.108451	2457.14	1089.57	211.526	37.1123	4.96343	17.4829	1.67355	0.125117	0.0105628	1.38945	-0.44	0.0113065
183.49	135.263	26.1173	3.11248	23.8888	167	-14.8516	0.81105	0.618852	6.00425	-824.937	-0.661991	0.101888	0.0456532	239.149	-70.8126	191.752	41.9898	121.642	19.8523	1.15898	3.12941	2.95203	2.91598	8046.61	1149.03	0.0698645	0.106945	2441.9	1058.81	202.495	34.7709	4.56328	16.7331	1.57265	0.116912	0.00983821	1.37927	-0.44	0.0128141
183.544	135.117	26.1196	3.10906	23.8757	167	-14.8445	0.857975	0.625729	5.88665	-936.934	-0.707237	0.100141	0.0457134	238.018	-61.4287	189.272	43.6819	118.252	21.3723	1.12144	3.09961	2.92389	2.87265	7971.8	1140.68	0.0694499	0.105439	2426.67	1028.06	193.463	32.4296	4.16314	15.9833	1.47175	0.108707	0.00911361	1.3691	-0.44	0.0143216
183.609	134.972	26.1223	3.10563	23.8626	167.028	-14.8347	0.904503	0.63374	5.74933	-1043.93	-0.752328	0.0981571	0.0457925	235.776	-50.8427	186.47	44.9983	114.16	22.8961	1.07851	3.06696	2.89305	2.82481	7885.21	1131.21	0.0690189	0.103813	2409.51	993.993	183.445	29.8	3.76126	15.1739	1.35905	0.0995905	0.00838258	1.35737	-0.44	0.0158291
183.718	134.826	26.1268	3.10221	23.8496	167.174	-14.8136	0.949376	0.646483	5.52966	-1130.06	-0.796765	0.0951862	0.0459508	228.9	-35.2362	182.326	44.7458	107.132	24.4361	1.0131	3.02236	2.85091	2.75817	7749.45	1117.06	0.06852	0.101685	2384.3	946.073	169.304	25.9668	3.35217	14.1155	1.19711	0.0866663	0.00762471	1.33916	-0.44	0.0173367
183.827	134.681	26.1313	3.09879	23.8365	167.319	-14.7887	0.992966	0.659439	5.3044	-1209.84	-0.834887	0.0925012	0.0461953	220.479	-14.526	178.837	44.1337	100.087	26.0055	0.95229	2.99196	2.82217	2.70805	7609.44	1104.16	0.0684265	0.100444	2362.08	892.359	157.781	22.7257	2.94982	13.0722	1.06958	0.0751872	0.00675998	1.32133	-0.44	0.0188442
183.936	134.536	26.1358	3.09537	23.8234	167.464	-14.761	1.03561	0.672552	5.07502	-1284.91	-0.868337	0.0900277	0.0465034	210.918	9.95951	175.833	43.2555	93.0302	27.5968	0.894877	2.97206	2.80333	2.67014	7466.3	1092.19	0.0686327	0.0998598	2342.07	834.359	148.194	19.9226	2.55245	12.04	0.967512	0.0647771	0.00581622	1.30379	-0.44	0.0203518
184.045	134.391	26.1404	3.09195	23.8104	167.609	-14.7278	1.07482	0.684664	4.83462	-1361.42	-0.883873	0.0887764	0.0473407	201.334	54.6841	173.664	42.4909	85.9677	29.1773	0.840475	3.005	2.83433	2.69017	7305.15	1084.18	0.0707585	0.103103	2330.94	780.42	140.153	17.6681	2.228	11.2105	0.887128	0.0560152	0.00497873	1.28798	-0.44	0.0218593
184.154	134.245	26.1449	3.08853	23.7973	167.755	-14.6867	1.10917	0.695352	4.5786	-1439.97	-0.873975	0.0892603	0.0489294	191.719	128.142	172.684	41.8876	78.8973	30.7424	0.790347	3.11296	2.93607	2.79246	7118.44	1081.81	0.0756094	0.11178	2332.43	732.249	134.306	16.1925	2.0071	10.6685	0.837533	0.0495932	0.00429213	1.27462	-0.44	0.0233668
184.263	134.1	26.1494	3.08512	23.7843	167.9	-14.6384	1.14024	0.70363	4.33526	-1512.55	-0.847022	0.0915016	0.0512563	181.635	209.41	172.364	41.3145	71.8744	32.3332	0.745708	3.30654	3.11855	2.99418	6922.83	1087.28	0.0835129	0.1271	2350.97	699.184	130.165	15.2118	1.86025	10.7299	0.799871	0.0439591	0.00365034	1.26444	-0.44	0.0248744
184.389	133.955	26.1546	3.08171	23.7712	168	-14.5746	1.16562	0.710573	4.07297	-1572.56	-0.7944	0.09605	0.0547451	173.311	303.791	172.426	40.317	63.9911	33.8752	0.700159	3.59945	3.39471	3.30249	6698.34	1098.84	0.0960718	0.151331	2382.14	677.706	126.868	14.5361	1.76981	11.1289	0.76361	0.0385844	0.00304147	1.25612	-0.44	0.0263819
184.552	133.81	26.1614	3.07829	23.7582	168	-14.4854	1.18237	0.717544	3.75255	-1611.99	-0.705731	0.103558	0.0599078	169.501	417.713	172.514	38.3342	54.1269	35.2758	0.645726	4.00742	3.77935	3.72479	6420.41	1114.22	0.115219	0.187174	2420.28	663.252	123.327	13.9238	1.71291	11.5293	0.715584	0.0328052	0.00245018	1.24797	-0.44	0.0278894
184.716	133.665	26.1682	3.07488	23.7452	168	-14.3932	1.19809	0.723273	3.44467	-1649.89	-0.610659	0.112372	0.0656753	169.97	527.884	172.47	36.5101	44.3318	36.6865	0.593113	4.44237	4.18941	4.16946	6142.71	1129.38	0.136803	0.226969	2454.87	653.124	120.812	13.4422	1.66165	11.9169	0.671457	0.0275154	0.00190301	1.24126	-0.44	0.029397
184.879	133.52	26.175	3.07147	23.7322	168	-14.2862	1.20858	0.722723	3.20012	-1680.02	-0.483248	0.127787	0.0744971	192.05	619.106	171.759	35.488	34.8855	38.1481	0.549687	5.01353	4.72793	4.7271	5866.21	1143.39	0.170692	0.286723	2471.55	664.849	123.481	13.6207	1.63885	12.2401	0.647024	0.0246974	0.00157867	1.2418	-0.44	0.0309045
185.043	133.375	26.1818	3.06806	23.7191	168	-14.1736	1.21866	0.719562	2.98978	-1712.35	-0.336477	0.151877	0.0870998	215.591	682.994	170.279	35.047	25.5477	39.568	0.509867	5.60267	5.28335	5.28287	5646.2	1153.38	0.211895	0.354676	2478.12	723.72	130.922	14.128	1.63757	12.7212	0.630392	0.0225069	0.00132247	1.24555	-0.44	0.0324121
185.206	133.23	26.1886	3.06465	23.7061	168	-14.0452	1.22756	0.708995	2.87649	-1750.89	-0.134792	0.200574	0.110427	243.279	669.352	166.62	36.2546	16.5176	40.8694	0.480274	6.24276	5.88672	5.83334	5586.4	1151.98	0.273847	0.445885	2456.01	916.313	151.901	15.568	1.69731	13.6503	0.635887	0.0220959	0.00125956	1.25842	-0.44	0.0339196
185.37	133.086	26.1954	3.06125	23.6931	168	-13.9064	1.23667	0.695878	2.78924	-1782.89	0.103321	0.266848	0.140512	251.463	620.855	161.896	38.0875	7.97471	42.1755	0.453195	6.78128	6.39428	6.25273	5647.38	1142.22	0.342809	0.536854	2422.55	1174.7	182.869	17.3535	1.74963	14.6435	0.673567	0.0226027	0.00124134	1.27485	-0.44	0.0354271
185.555	132.941	26.2031	3.05785	23.6801	168.059	-13.7446	1.24165	0.680115	2.69497	-1802.52	0.382855	0.344638	0.174996	248.361	560.828	155.713	40.1013	-1.47291	43.3625	0.421507	7.34244	6.92315	6.67556	5746.45	1128.92	0.419923	0.636262	2382.32	1486.41	218.646	19.5581	1.84265	15.9218	0.71848	0.0236657	0.00126478	1.29478	-0.44	0.0369347
185.773	132.797	26.2121	3.05444	23.6671	168.203	-13.5505	1.24057	0.660802	2.58721	-1804.89	0.718378	0.437062	0.215063	231.199	488.301	147.53	42.3011	-12.3036	44.3748	0.382766	7.94935	7.49512	7.11978	5886.11	1111.49	0.508078	0.748032	2333.6	1867.82	260.203	22.3323	1.9961	17.6086	0.769945	0.0254268	0.00134354	1.31939	-0.44	0.0384422
185.991	132.652	26.2212	3.05105	23.6541	168.348	-13.3464	1.24284	0.639461	2.51623	-1802.15	1.08601	0.543836	0.256409	219.45	415.525	138.192	44.6774	-22.0822	45.4141	0.348251	8.42032	7.93887	7.4761	6118.13	1100.14	0.583422	0.840188	2304.66	2283.88	306.98	25.5333	2.18589	18.0092	0.816354	0.0277718	0.00145344	1.34808	-0.44	0.0399497
186.209	132.508	26.2302	3.04765	23.6412	168.492	-13.1319	1.2522	0.616765	2.50082	-1811.1	1.49223	0.643216	0.281758	189.4	358.706	127.131	46.2523	-30.4966	45.7991	0.318282	8.72735	8.22794	7.76724	6373.38	1106.25	0.626446	0.901198	2310.09	2897.14	368.75	29.9472	2.55425	17.8563	0.865343	0.031808	0.00172801	1.38314	-0.44	0.0414573
186.426	132.364	26.2393	3.04425	23.6282	168.636	-12.9168	1.26215	0.594041	2.49252	-1819.86	1.90181	0.738882	0.304168	159.559	304.453	115.967	47.6406	-38.6006	46.0949	0.289	9.01562	8.49932	8.04575	6626.74	1113.75	0.665799	0.958562	2317.19	3536.69	431.366	34.4553	2.9367	17.6697	0.912695	0.0360295	0.00201635	1.41888	-0.44	0.0429648
186.644	132.22	26.2483	3.04086	23.6152	168.78	-12.7014	1.27343	0.571439	2.50669	-1825.21	2.31958	0.818737	0.316065	134.658	258.978	104.665	48.3172	-45.5074	46.1072	0.262073	9.24774	8.71775	8.27696	6867.61	1124.18	0.694408	1.00495	2325.22	4259.65	494.894	39.1599	3.34868	17.4207	0.95168	0.0407802	0.0023356	1.45656	-0.44	0.0444724
186.862	132.075	26.2574	3.03747	23.6023	168.925	-12.4859	1.28472	0.548837	2.52086	-1830.57	2.73736	0.898592	0.327961	109.756	213.502	93.3634	48.9937	-52.4142	46.1194	0.235147	9.47985	8.93617	8.50817	7108.48	1134.6	0.723017	1.05135	2333.25	4982.61	558.421	43.8645	3.76067	17.1717	0.990665	0.0455308	0.00265484	1.49424	-0.44	0.0459799
187.106	131.931	26.2675	3.03408	23.5893	169.069	-12.2569	1.29477	0.525489	2.55695	-1828.14	3.15737	0.96105	0.329331	88.6426	175.798	82.1556	48.1487	-58.0842	45.0473	0.209223	9.56117	9.01239	8.55163	7283.96	1136.27	0.742632	1.0731	2323.47	5418.35	619.07	48.8906	4.14151	16.7448	1.06824	0.051872	0.00297607	1.53792	-0.44	0.0474874
187.378	131.788	26.2788	3.0307	23.5764	169.212	-12.0141	1.30377	0.501645	2.62376	-1819.58	3.56829	0.996554	0.315487	73.0131	150.119	71.2485	45.2126	-62.0022	42.4686	0.185148	9.43182	8.88997	8.33027	7353.23	1125.27	0.750257	1.06065	2288.14	5389.74	669.993	54.1815	4.43081	15.9659	1.19207	0.0603979	0.00326311	1.58914	-0.44	0.048995
187.65	131.644	26.2901	3.02731	23.5635	169.356	-11.7712	1.31274	0.477814	2.69069	-1810.98	3.97839	1.0319	0.301601	57.4776	124.564	60.367	42.2703	-65.9003	39.8865	0.161122	9.30038	8.76558	8.10676	7422.04	1114.15	0.757691	1.04781	2252.65	5363.67	720.957	59.4738	4.72367	15.2088	1.31673	0.0689371	0.00355409	1.6404	-0.44	0.0505025
187.922	131.5	26.3015	3.02393	23.5506	169.5	-11.5309	1.32048	0.454725	2.76567	-1800.11	4.33872	1.0579	0.285146	47.6322	106.588	51.0412	38.9496	-68.5882	37.0914	0.140099	9.04275	8.52226	7.7527	7464	1095.54	0.753481	1.01164	2207.97	5491.14	774.453	64.8543	5.23198	15.7732	1.49182	0.0782806	0.00408396	1.69362	-0.44	0.0520101
188.195	131.357	26.3128	3.02056	23.5377	169.643	-11.2993	1.32811	0.433365	2.86167	-1795.95	4.60683	1.08239	0.269237	42.5158	99.4223	42.4351	35.8555	-70.6044	34.4147	0.120086	8.67089	8.17136	7.28561	7515.85	1070.06	0.738042	0.95527	2154.41	5837.39	846.468	71.4468	5.93521	16.6418	1.66292	0.0875101	0.00483649	1.74981	-0.44	0.0535176
188.467	131.213	26.3241	3.01718	23.5248	169.787	-11.0744	1.33485	0.413195	2.9763	-1792.77	4.79907	1.10786	0.254342	40.1169	98.0121	34.7763	32.9586	-71.7888	31.9033	0.1016	8.22365	7.74948	6.75125	7579.26	1039.48	0.715102	0.88721	2093.88	6249.62	915.454	78.5849	6.45404	17.3153	1.79038	0.0963563	0.00548871	1.80828	-0.44	0.0550251
188.739	131.07	26.3354	3.01381	23.5119	169.93	-10.8518	1.34106	0.393345	3.09745	-1788.51	4.96641	1.13434	0.239955	38.2474	97.5212	27.5378	30.1296	-72.6141	29.4671	0.0838284	7.75743	7.30971	6.20276	7647.53	1007.38	0.690237	0.816839	2031.15	6648.31	977.808	85.7626	6.80594	17.7874	1.89107	0.104987	0.00602052	1.86746	-0.44	0.0565327
189.039	130.927	26.3479	3.01044	23.499	170.146	-10.6125	1.3438	0.372223	3.24118	-1774.51	5.08375	1.16739	0.225316	36.0753	97.2028	20.8443	27.1566	-72.6987	26.9283	0.0670652	7.27478	6.85446	5.64898	7731.43	973.228	0.66388	0.745683	1965.6	7203.75	1060.95	92.5923	6.97707	18.0649	1.97474	0.11197	0.0064564	1.93428	-0.44	0.0580402
189.365	130.784	26.3614	3.00708	23.4862	170.432	-10.3736	1.34281	0.352042	3.42918	-1756.03	5.01942	1.21711	0.213427	31.4221	96.5718	16.199	25.1057	-71.167	25.095	0.0538379	6.77997	6.38784	5.11422	7856.39	934.537	0.638156	0.679602	1892	8336.79	1198.52	96.1744	6.48964	17.504	1.94115	0.110119	0.006482	2.01294	-0.44	0.0595477
189.692	130.641	26.375	3.00371	23.4733	170.719	-10.1351	1.34176	0.331902	3.61792	-1737.45	4.95276	1.26696	0.201572	26.7881	95.8996	11.5838	23.0697	-69.6152	23.2744	0.0406639	6.28738	5.92332	4.58223	7981.27	895.97	0.61258	0.613918	1818.6	9461.23	1334.94	99.6845	6.00422	16.8982	1.89932	0.107955	0.00649756	2.09167	-0.44	0.0610553
190.018	130.498	26.3886	3.00035	23.4605	171.004	-9.90647	1.33945	0.312829	3.82821	-1716.63	4.82461	1.32007	0.190637	22.6327	94.107	7.7462	21.4324	-67.5341	21.7898	0.0288479	5.85998	5.52025	4.1301	8103.59	861.233	0.591068	0.559264	1751.93	10367.5	1441.69	101.016	5.57265	15.2666	1.65589	0.0978176	0.0062543	2.17255	-0.44	0.0625628
190.345	130.355	26.4021	2.99699	23.4477	171.289	-9.69689	1.33788	0.295691	4.10176	-1700	4.61278	1.37778	0.180793	18.6498	90.2438	4.69847	20.4444	-64.6955	20.7694	0.0181567	5.61756	5.29153	3.88909	8209.62	840.798	0.577448	0.528208	1715.74	11108.6	1515.93	95.0435	5.23162	14.6674	1.38492	0.0817361	0.00575589	2.25911	-0.44	0.0640704
190.671	130.213	26.4157	2.99364	23.4349	171.574	-9.49719	1.33517	0.279528	4.39335	-1680.39	4.36572	1.43628	0.171455	15.7858	86.0167	2.39526	19.5818	-61.5551	19.8545	0.00909793	5.50521	5.18535	3.78532	8303.88	831.302	0.56905	0.512474	1702.35	11824.2	1580.67	88.6213	5.14509	15.6414	1.26775	0.0736056	0.00569257	2.3473	-0.44	0.0655779
190.998	130.071	26.4293	2.99029	23.4221	171.859	-9.29625	1.33261	0.263243	4.68265	-1661.16	4.12312	1.49467	0.162053	12.7804	81.8356	-0.00202974	18.7034	-58.4529	18.9264	-0.000167149	5.37643	5.06368	3.66421	8399.63	820.423	0.559992	0.494804	1686.08	12543	1646.61	82.2559	5.02639	16.4166	1.13114	0.0644705	0.00557427	2.43529	-0.44	0.0670854
191.351	129.928	26.444	2.98694	23.4093	172.287	-9.10839	1.32798	0.248333	5.10103	-1635.88	3.82578	1.55952	0.153025	11.0981	76.5537	-1.31187	17.9268	-54.5863	18.0439	-0.00732197	5.45853	5.14061	3.76056	8486.16	829.764	0.559893	0.501231	1707.52	13371.1	1600.16	81.192	5.69305	22.269	1.43553	0.0858427	0.00697898	2.53817	-0.44	0.068593
191.732	129.786	26.4598	2.9836	23.3965	172.855	-8.90972	1.32037	0.232549	5.56895	-1602.28	3.49715	1.62958	0.143439	9.31681	70.67	-2.52384	17.0322	-50.3551	17.0513	-0.0145518	5.57207	5.24712	3.88845	8579.68	842.42	0.561523	0.511427	1734.15	14278.6	1544.84	80.8613	6.46886	29.006	1.81759	0.112034	0.00862487	2.64996	-0.44	0.0701005
192.113	129.644	26.4756	2.98026	23.3838	173.423	-8.72891	1.31315	0.218262	6.11126	-1568.8	3.19184	1.6958	0.134368	7.936	64.7189	-3.34079	16.1055	-46.2987	16.06	-0.0209745	5.71153	5.37801	4.04691	8677.04	858.974	0.564094	0.52466	1765.47	15015.2	1507.28	86.5729	7.90715	37.2113	2.41891	0.147653	0.0110277	2.76457	-0.44	0.071608
192.493	129.503	26.4915	2.97693	23.371	173.99	-8.56432	1.30768	0.205394	6.73	-1539.1	2.92625	1.75795	0.125784	6.81752	58.8043	-3.86944	15.1834	-42.3889	15.094	-0.026642	5.8821	5.53816	4.24504	8776.95	879.87	0.566709	0.540882	1804.05	15644.8	1519.63	97.8579	10.1116	47.322	3.30978	0.191298	0.0144153	2.88239	-0.44	0.0731156
192.874	129.361	26.5073	2.97359	23.3583	174.556	-8.40589	1.30224	0.193046	7.37487	-1508.9	2.67217	1.81714	0.117378	5.80652	53.002	-4.2653	14.2207	-38.5954	14.113	-0.0319077	6.05076	5.69651	4.44458	8877.69	901.318	0.568677	0.556639	1843.1	16386.3	1508.64	109.495	12.405	58.3605	4.20122	0.233659	0.017874	3.00043	-0.44	0.0746231
193.254	129.219	26.5231	2.97026	23.3456	175.122	-8.26078	1.29878	0.181867	8.09167	-1483.24	2.4677	1.87091	0.109486	5.02834	47.6809	-4.49609	13.2514	-35.0697	13.1667	-0.0364592	6.21646	5.85203	4.65045	8979.63	924.613	0.568833	0.571364	1883.93	17090	1524.56	126.551	14.8095	70.5869	5.28864	0.28239	0.0213548	3.1202	-0.44	0.0761307
193.635	129.078	26.5389	2.96694	23.3329	175.687	-8.13067	1.29648	0.17196	8.88726	-1459.79	2.30916	1.91837	0.102242	4.49977	42.9872	-4.52127	12.223	-31.9191	12.2345	-0.040178	6.36757	5.9938	4.85128	9082.33	949.174	0.566422	0.583558	1925.01	17611.2	1596.41	151.392	17.4625	83.4671	6.58282	0.343055	0.0251434	3.24097	-0.44	0.0776382
194.04	128.937	26.5558	2.96362	23.3202	176	-7.9978	1.2929	0.161879	9.7587	-1432.24	2.15162	1.96656	0.09484	4.11634	38.2534	-4.47961	11.0925	-28.7334	11.2456	-0.0436805	6.51907	6.13588	5.05714	9192.97	975.11	0.563264	0.595348	1967.66	18108.6	1696.27	179.259	20.4508	96.8001	8.00703	0.409303	0.0293646	3.36878	-0.44	0.0791457
194.474	128.796	26.5739	2.9603	23.3075	176	-7.87573	1.29059	0.152844	10.8147	-1407.52	2.05245	2.00995	0.0880721	4.16141	34.436	-4.26375	9.87538	-25.9105	10.288	-0.0458689	6.64605	6.25481	5.25047	9319.44	1002.93	0.55704	0.603229	2010.09	18490.2	1931.95	216.868	24.5781	109.767	9.97135	0.492601	0.0350279	3.50598	-0.44	0.0806533
194.909	128.655	26.5919	2.95699	23.2949	176	-7.75681	1.28848	0.144067	11.8941	-1383.7	1.9601	2.05219	0.0815028	4.22259	30.8059	-4.02585	8.65311	-23.1921	9.34583	-0.0478294	6.76858	6.36955	5.43957	9449.14	1030.64	0.550726	0.610638	2051.84	18811.8	2175.92	251.729	28.8768	121.517	11.8991	0.567236	0.0409471	3.64289	-0.44	0.0821608
195.343	128.515	26.61	2.95368	23.2822	176	-7.65229	1.28905	0.136518	13.0959	-1369.11	1.90499	2.08987	0.0758845	4.36539	28.198	-3.76224	7.51472	-20.9257	8.52715	-0.0489575	6.86369	6.45844	5.60039	9591.67	1057.23	0.543691	0.615104	2088.99	19255.2	2367.18	287.469	33.2436	127.643	12.9065	0.635146	0.0465909	3.77934	-0.44	0.0836683
195.778	128.374	26.6281	2.95038	23.2696	176	-7.5533	1.29049	0.129455	14.3355	-1357.71	1.85996	2.12539	0.0706408	4.5436	26.0071	-3.48118	6.40557	-18.8403	7.75341	-0.0496087	6.94855	6.53768	5.7494	9736.3	1083.13	0.536625	0.618612	2124.01	19880.1	2523.03	330.404	37.0242	131.688	13.4266	0.71712	0.0509752	3.91475	-0.44	0.0851759
196.212	128.234	26.6462	2.94707	23.257	176	-7.4596	1.29324	0.122851	15.6211	-1351.03	1.82065	2.1604	0.0657916	4.76058	24.2194	-3.20084	5.36671	-16.9273	7.03893	-0.0498011	7.0216	6.6058	5.88317	9884.95	1107.89	0.529684	0.621098	2156.15	20506.2	2722.2	363.551	39.949	129.503	13.6057	0.76476	0.0531838	4.04994	-0.44	0.0866834
196.647	128.094	26.6643	2.94378	23.2444	176	-7.37579	1.29758	0.117057	16.9978	-1351.4	1.78494	2.19588	0.0616958	4.99381	23.0202	-2.93455	4.433	-15.3685	6.42336	-0.0495081	7.07783	6.65808	5.99158	10042	1130.29	0.523902	0.622706	2182.58	20567.1	3076.09	370.377	41.2771	110.515	13.4499	0.72447	0.0512267	4.18467	-0.44	0.088191
197.099	127.954	26.6831	2.94049	23.2318	175.954	-7.29212	1.30175	0.111327	18.4668	-1352.4	1.74275	2.23229	0.0576853	5.17462	21.7309	-2.65739	3.50101	-13.856	5.81043	-0.048884	7.12601	6.70276	6.08795	10204.7	1151.6	0.518344	0.623658	2206.7	20947.6	3366.37	379.239	42.2245	90.2936	12.8152	0.671378	0.0484273	4.32345	-0.44	0.0896985
197.588	127.814	26.7034	2.9372	23.2193	175.814	-7.21174	1.3065	0.106002	20.1749	-1357.84	1.68373	2.27015	0.0540625	5.18341	20.1495	-2.37041	2.63742	-12.5141	5.2383	-0.0474131	7.14595	6.7208	6.14243	10379.7	1168.78	0.513357	0.622203	2222.87	22485.4	3373.96	399.942	42.0934	68.0684	10.3664	0.588647	0.0430106	4.46978	-0.44	0.091206
198.076	127.675	26.7237	2.93392	23.2067	175.675	-7.13487	1.31171	0.100987	21.8823	-1365.96	1.61724	2.30642	0.0506722	5.08634	18.3182	-2.08281	1.83129	-11.2887	4.70321	-0.0453416	7.14861	6.7226	6.1709	10548.7	1182.86	0.508535	0.619159	2234.29	23868.9	3457.12	399.441	40.3934	53.4016	9.08688	0.511774	0.0395003	4.61443	-0.44	0.0927136
198.564	127.536	26.7441	2.93064	23.1942	175.536	-7.06454	1.31867	0.0965239	23.6466	-1380.28	1.53632	2.33976	0.0476741	4.75959	15.7148	-1.81748	1.17673	-10.2561	4.25373	-0.0425478	7.12401	6.69876	6.15692	10705	1191.68	0.504294	0.613775	2237.61	25662.7	3590.09	366.049	34.2175	55.7766	9.96342	0.488543	0.039138	4.75787	-0.44	0.0942211
199.053	127.397	26.7644	2.92737	23.1817	175.397	-6.99668	1.32588	0.0922354	25.4892	-1396.21	1.44996	2.37138	0.0447967	4.32738	12.7564	-1.57368	0.573005	-9.28848	3.82971	-0.0399704	7.09124	6.66724	6.12976	10850.7	1198.74	0.500345	0.607751	2238.31	27307.2	3655.4	328.46	28.7445	61.2412	11.2059	0.504577	0.0414481	4.90099	-0.44	0.0957286
199.541	127.258	26.7848	2.9241	23.1692	175.258	-6.93502	1.3346	0.088497	27.4646	-1417.06	1.35127	2.39157	0.0421777	3.78723	9.13527	-1.37513	0.114457	-8.47858	3.47945	-0.037383	7.03876	6.6172	6.07215	10951.1	1201.6	0.496832	0.600029	2233.2	27847.6	3395.12	290.825	27.491	70.4296	12.6903	0.586293	0.0522004	5.04061	-0.44	0.0972362
200.03	127.119	26.8051	2.92083	23.1568	175.119	-6.87454	1.34343	0.084875	29.4377	-1438.54	1.25066	2.40883	0.0396111	3.24912	5.51441	-1.17784	-0.325968	-7.70163	3.14059	-0.0346191	6.98241	6.56353	6.00919	11041	1203.79	0.493281	0.591908	2227.19	28051.5	3086.71	248.581	26.5819	79.4437	14.1462	0.660879	0.0637056	5.17864	-0.44	0.0987437
200.526	126.98	26.8258	2.91757	23.1443	174.98	-6.81879	1.35331	0.081743	31.3789	-1463.48	1.14331	2.41312	0.0372831	2.85897	2.86005	-0.9925	-0.676108	-7.06178	2.85854	-0.0308693	6.9271	6.51084	5.94937	11082.6	1206.86	0.489966	0.583783	2222.05	27178.8	2818.29	231.194	30.0019	87.9001	16.1503	0.740152	0.0815176	5.31233	-0.44	0.100251
201.068	126.842	26.8483	2.91432	23.1319	174.842	-6.76015	1.36218	0.078509	33.4818	-1488.04	1.02447	2.41631	0.0348996	2.46332	0.558838	-0.796559	-1.03215	-6.43355	2.56767	-0.0265418	6.87359	6.45978	5.89421	11116.8	1211.79	0.486614	0.575626	2218.23	26439.3	2586.69	235.211	34.6755	98.2166	18.1922	0.853084	0.0996242	5.45581	-0.44	0.101759
201.61	126.704	26.8709	2.91107	23.1195	174.704	-6.70517	1.372	0.0755838	35.6204	-1514.96	0.910093	2.41683	0.0327744	2.16267	-0.693866	-0.639326	-1.31408	-5.89678	2.32564	-0.0225472	6.8341	6.42192	5.86153	11138.6	1220.42	0.483462	0.568625	2219.02	25529.1	2568.88	270.77	38.5265	108.888	19.9908	0.993329	0.107593	5.5971	-0.44	0.103266
202.152	126.566	26.8935	2.90782	23.1071	174.566	-6.65253	1.38201	0.0728568	37.819	-1542.78	0.800721	2.41622	0.030818	1.88381	-1.67105	-0.506316	-1.55653	-5.4119	2.10798	-0.0189992	6.79717	6.38646	5.83592	11153.7	1229.93	0.479859	0.561505	2222.02	24359.6	2658.52	320.872	42.777	118.822	21.5024	1.16506	0.114914	5.73516	-0.44	0.104774
202.694	126.428	26.9161	2.90458	23.0947	174.428	-6.60275	1.39261	0.0703932	40.0456	-1572.03	0.700297	2.41345	0.0290725	1.66506	-2.28462	-0.399598	-1.75531	-4.98851	1.92289	-0.0158046	6.76326	6.35385	5.81982	11159.2	1240.46	0.475571	0.554118	2228.17	24274.1	2799.97	389.261	47.6634	133.114	22.29	1.37428	0.121617	5.86902	-0.44	0.106281
203.236	126.291	26.9387	2.90135	23.0823	174.291	-6.55447	1.40351	0.0680685	42.2379	-1601.99	0.606177	2.40985	0.0274391	1.48025	-2.69192	-0.298865	-1.94028	-4.59398	1.75111	-0.0125253	6.73047	6.3223	5.80892	11159.9	1251.38	0.470832	0.546467	2236.3	23611.6	3025.39	450.318	52.5029	143.032	23.6155	1.53415	0.127734	6.00016	-0.44	0.107789
203.778	126.154	26.9613	2.89812	23.07	174.154	-6.50904	1.41467	0.0659952	44.3559	-1632.87	0.523761	2.40593	0.0260218	1.3681	-2.62547	-0.209491	-2.09953	-4.25515	1.60211	-0.00915843	6.70026	6.29318	5.80837	11153.9	1263.04	0.465287	0.538401	2248.25	22420.9	3422.06	464.023	57.2637	146.923	25.9285	1.46507	0.133636	6.12583	-0.44	0.109296
204.32	126.017	26.9839	2.89489	23.0577	174.017	-6.46489	1.42617	0.0640357	46.4493	-1664.44	0.448941	2.40288	0.024709	1.29322	-2.26685	-0.134041	-2.24347	-3.94531	1.46681	-0.00615331	6.66915	6.26321	5.81001	11147.2	1274.58	0.459477	0.529944	2261.66	21784.1	3701.64	505.149	62.178	151.99	27.3609	1.51728	0.140754	6.24926	-0.44	0.110804
204.908	125.88	27.0084	2.89167	23.0454	173.88	-6.41893	1.437	0.0620758	48.6647	-1696.3	0.376781	2.40165	0.0234459	1.2842	-1.49114	-0.0630532	-2.38211	-3.65525	1.33467	-0.00304118	6.63477	6.23012	5.81505	11140.2	1286.81	0.452862	0.520392	2278.12	21625.9	3914.51	572.143	67.6641	157.656	28.2292	1.67305	0.149674	6.3791	-0.44	0.112312
205.504	125.743	27.0332	2.88846	23.0331	173.743	-6.37497	1.44807	0.0602921	50.8573	-1728.94	0.317714	2.40518	0.0223709	1.38512	-0.256218	-0.0100644	-2.49479	-3.40843	1.22271	-0.000432331	6.59112	6.18832	5.81121	11140.8	1296.7	0.446082	0.509701	2294.55	22191.2	4152.67	619.889	74.0083	163.147	29.2167	1.76858	0.16172	6.50586	-0.44	0.113819
206.099	125.607	27.058	2.88525	23.0209	173.607	-6.33196	1.4592	0.058584	53.0286	-1761.78	0.263996	2.41135	0.0213759	1.52904	1.09407	0.0357994	-2.59617	-3.17942	1.11843	0.00193606	6.54412	6.14339	5.80356	11147.1	1305.47	0.439384	0.498698	2310.74	23041.6	4390.37	667.165	79.7594	168.731	30.1967	1.87471	0.17296	6.63077	-0.44	0.115327
206.694	125.471	27.0829	2.88205	23.0086	173.471	-6.29073	1.4706	0.0570176	55.1635	-1795.17	0.220314	2.42324	0.0205329	1.75079	2.62232	0.0701986	-2.67529	-2.98124	1.02827	0.00392292	6.49179	6.09347	5.79038	11166.9	1312.2	0.432956	0.487191	2326.88	24473.5	4611.51	720.073	81.8778	174.98	31.0661	2.01996	0.176041	6.75234	-0.44	0.116834
207.289	125.335	27.1077	2.87885	22.9964	173.335	-6.25044	1.48212	0.0555251	57.2798	-1828.74	0.181671	2.43891	0.0197696	1.99028	4.10281	0.100184	-2.74294	-2.79761	0.944798	0.00576615	6.43811	6.04228	5.77696	11196.4	1317.95	0.426833	0.475541	2343.72	26230.2	4806.92	772.967	85.0783	182.489	31.7778	2.17422	0.182073	6.8721	-0.44	0.118342
207.885	125.199	27.1326	2.87566	22.9842	173.199	-6.21153	1.49364	0.054135	59.3685	-1862.28	0.149875	2.45987	0.0191144	2.24093	5.42064	0.124819	-2.79546	-2.63386	0.870247	0.00743365	6.38339	5.99014	5.76396	11240	1322.34	0.421229	0.463836	2361.57	28419.8	4958.51	824.892	89.9166	192.316	32.2415	2.34283	0.193084	6.98911	-0.44	0.119849
208.48	125.064	27.1574	2.87247	22.972	173.064	-6.17368	1.5054	0.0528268	61.439	-1896.05	0.123207	2.48492	0.018536	2.46564	6.49047	0.146181	-2.83664	-2.48337	0.803081	0.009005	6.3298	5.93907	5.75533	11294.2	1325.98	0.416092	0.452234	2381.39	30578.1	5110.44	877.99	96.0124	203.107	32.8522	2.54174	0.207701	7.10415	-0.44	0.121357
209.103	124.929	27.1834	2.86929	22.9599	172.929	-6.13508	1.51671	0.0515294	63.5741	-1929.7	0.0993241	2.51413	0.0179926	2.67674	7.36748	0.165648	-2.87218	-2.34054	0.738099	0.0105404	6.2755	5.88731	5.75057	11358.5	1329.18	0.411156	0.440356	2403.79	32732	5279.23	926.051	102.685	215.141	33.663	2.73636	0.224179	7.22226	-0.44	0.122864
209.751	124.794	27.2105	2.86611	22.9477	172.794	-6.09615	1.52789	0.0502707	65.7448	-1963.52	0.0793964	2.54766	0.0174961	2.85664	7.99238	0.180652	-2.90071	-2.2099	0.67809	0.011887	6.22131	5.83563	5.75304	11433.1	1331.9	0.406494	0.428204	2430.2	34277.3	5675.96	981.799	98.9795	225.671	36.1203	2.97374	0.21551	7.34245	-0.44	0.124372
210.399	124.659	27.2376	2.86295	22.9357	172.659	-6.05841	1.53901	0.0490898	67.8454	-1996.96	0.0637516	2.58347	0.0170513	2.99384	8.39618	0.192258	-2.92385	-2.09276	0.625058	0.0130596	6.16796	5.78476	5.76207	11512.1	1333.82	0.402349	0.416106	2460.21	35750.7	5895.12	999.556	102.89	236.476	37.56	3.06863	0.226658	7.46051	-0.44	0.125879
211.047	124.525	27.2646	2.85978	22.9236	172.525	-6.02121	1.5502	0.0479448	69.9271	-2030.38	0.0501006	2.62038	0.0166295	3.10904	8.69597	0.203168	-2.94455	-1.98026	0.575031	0.014209	6.11394	5.73327	5.77366	11592.9	1335.19	0.398484	0.403884	2492.16	36893.7	6074.9	1006.94	106.348	244.811	38.7793	3.12217	0.236874	7.5778	-0.44	0.127387
211.696	124.39	27.2917	2.85662	22.9115	172.39	-5.98519	1.56145	0.0468748	71.9949	-2063.59	0.0403259	2.65908	0.0162505	3.16694	8.76929	0.206748	-2.95918	-1.88256	0.531643	0.0148873	6.05601	5.67812	5.78745	11675.4	1334.63	0.395382	0.39126	2528.07	38797.1	6250.86	1015.18	110.946	257.979	39.9907	3.17581	0.251083	7.69348	-0.44	0.128894
212.344	124.256	27.3188	2.85347	22.8995	172.256	-5.9497	1.57278	0.0458377	74.0579	-2096.79	0.0321003	2.69821	0.0158868	3.18721	8.69162	0.208592	-2.97135	-1.78996	0.49102	0.0154467	5.99671	5.62171	5.80167	11757.2	1332.98	0.392702	0.378641	2565.46	40819.3	6404.25	1041.09	114.671	271.179	41.0522	3.3217	0.262692	7.8086	-0.44	0.130402
212.992	124.123	27.3459	2.85032	22.8874	172.123	-5.91497	1.58401	0.0448445	76.1098	-2129.66	0.0257431	2.73765	0.0155427	3.15365	8.4053	0.208188	-2.98069	-1.70456	0.453878	0.0158433	5.93579	5.56379	5.81559	11837.3	1329.71	0.390631	0.366128	2604.35	42957.6	6530.4	1092.77	112.359	283.796	41.9318	3.5793	0.25715	7.92269	-0.44	0.13191
213.644	123.989	27.3732	2.84718	22.8754	171.979	-5.88082	1.59527	0.0439001	78.1749	-2162.58	0.0213519	2.7761	0.0152105	3.05116	7.85333	0.206388	-2.98872	-1.62441	0.420882	0.0161333	5.8732	5.50432	5.83137	11910.4	1324.53	0.389505	0.353784	2646.31	45228.3	6680.78	1127.26	123.775	297.273	42.9081	3.77306	0.28874	8.03654	-0.44	0.133417
214.345	123.856	27.4025	2.84405	22.8635	171.712	-5.84489	1.60588	0.0429276	80.3814	-2195.53	0.0175769	2.81555	0.0148611	2.92328	7.23534	0.20154	-2.99687	-1.54647	0.388746	0.0161908	5.80707	5.44148	5.85034	11980.4	1317.49	0.389336	0.341089	2693.01	47696.8	6924.4	1175.41	129.574	313.075	44.4397	4.00968	0.303557	8.15771	-0.44	0.134925
215.045	123.723	27.4318	2.84092	22.8515	171.446	-5.80957	1.61651	0.0419897	82.5718	-2228.42	0.0146301	2.85343	0.0145176	2.79742	6.63934	0.194955	-3.00488	-1.47299	0.359189	0.0160924	5.74097	5.37869	5.87052	12043.5	1309.27	0.39002	0.328741	2741.34	49364.1	7170.35	1230.98	131.026	322.98	45.9901	4.26378	0.305319	8.27813	-0.44	0.136432
215.746	123.59	27.4611	2.8378	22.8396	171.181	-5.77506	1.62721	0.0410981	84.7264	-2261.34	0.0124918	2.88969	0.0141849	2.7007	6.17005	0.191238	-3.01013	-1.40218	0.332448	0.0161946	5.67257	5.31377	5.8902	12098.9	1299.72	0.392019	0.316661	2792.27	49438.9	7361.24	1229.03	141.958	320.115	47.2366	4.21364	0.332241	8.39783	-0.44	0.13794
216.446	123.458	27.4904	2.83468	22.8277	170.916	-5.74115	1.63788	0.0402405	86.8793	-2294.12	0.0106788	2.9251	0.0138628	2.6255	5.80498	0.183681	-3.01391	-1.33776	0.308325	0.0159416	5.5989	5.24393	5.90383	12149.6	1288.99	0.39519	0.304497	2844.35	51795.5	7531.36	1272.01	141.971	337.933	48.4072	4.36821	0.32876	8.51689	-0.44	0.139447
217.147	123.326	27.5198	2.83157	22.8158	170.652	-5.70779	1.64855	0.0394111	89.0295	-2326.81	0.00905838	2.95992	0.0135498	2.56939	5.52383	0.174002	-3.01673	-1.27746	0.286212	0.0154799	5.52327	5.17227	5.9144	12196.9	1277.2	0.399406	0.292568	2897.15	54346.1	7768.52	1304.93	140.183	359.087	49.973	4.46424	0.320996	8.63546	-0.44	0.140955
217.847	123.194	27.5491	2.82847	22.804	170.388	-5.67517	1.6592	0.0386184	91.1773	-2359.31	0.00755682	2.99428	0.0132504	2.54571	5.35472	0.168981	-3.01841	-1.21567	0.265726	0.015394	5.44764	5.10064	5.92229	12240.5	1263.84	0.405189	0.281302	2950.34	53414.9	7991.79	1360.03	156.332	352.302	51.4495	4.76104	0.362684	8.75347	-0.44	0.142462
218.547	123.062	27.5784	2.82537	22.7921	170.125	-5.64302	1.66987	0.0378516	93.329	-2391.89	0.0060441	3.02889	0.0129629	2.536	5.26915	0.158718	-3.01798	-1.16082	0.248106	0.0148015	5.37211	5.02913	5.928	12282.5	1249.53	0.412257	0.270535	3003.7	54789	8333.64	1421.88	157.974	367.622	53.5533	5.06313	0.366495	8.87128	-0.44	0.14397
219.275	122.931	27.6089	2.82228	22.7803	169.862	-5.61021	1.68013	0.0370842	95.5618	-2424.36	0.00445176	3.06538	0.0126788	2.54287	5.25913	0.147844	-3.01545	-1.10756	0.231545	0.0141187	5.29495	4.95607	5.93119	12325	1233.64	0.421194	0.260035	3058.35	57548.2	8564.16	1455.71	161.861	395.621	54.8901	5.22267	0.377363	8.99314	-0.44	0.145477
220.027	122.8	27.6405	2.81919	22.7685	169.6	-5.57685	1.69007	0.0363187	97.8659	-2456.78	0.00276808	3.10398	0.0124003	2.56481	5.30392	0.138457	-3.01136	-1.05375	0.215171	0.0135377	5.21663	4.88192	5.93182	12368.8	1216.54	0.432088	0.249838	3113.91	60844.2	8586.83	1423.45	179.642	427.543	54.8646	5.06258	0.42677	9.11863	-0.44	0.146985
220.779	122.669	27.672	2.81611	22.7568	169.338	-5.54421	1.70001	0.0355874	100.161	-2489.07	0.00105312	3.14383	0.0121404	2.587	5.36624	0.123793	-3.00217	-1.00832	0.202321	0.0123838	5.13763	4.80716	5.92323	12413	1199.36	0.445292	0.240232	3166.36	58753.1	8901.77	1505.2	175.724	410.603	56.5165	5.47412	0.414621	9.24346	-0.44	0.148492
221.532	122.538	27.7036	2.81304	22.745	169.077	-5.51213	1.70985	0.0348828	102.437	-2520.95	-0.000643319	3.18483	0.0118952	2.60457	5.39424	0.112108	-2.99084	-0.962698	0.19034	0.0114603	5.05363	4.72775	5.90015	12457.4	1182.46	0.460497	0.230672	3215.13	60420.5	9263.76	1560.54	168.937	427.738	58.3728	5.73899	0.397492	9.36783	-0.44	0.15
